            precision    recall  f1-score   support

         1.0      0.574     0.479     0.522      1269
         2.0      0.737     0.791     0.763      1269
         3.0      0.757     0.805     0.780      1269
         4.0      0.673     0.596     0.632      1269
         5.0      0.801     0.744     0.771      1269
         6.0      0.817     0.819     0.818      1269
         7.0      0.680     0.807     0.738      1269
         8.0      0.866     0.888     0.877      1269

    accuracy                          0.741     10152
   macro avg      0.738     0.741     0.738     10152
weighted avg      0.738     0.741     0.738     10152
 gbc metrics
              precision    recall  f1-score   support

         1.0      0.437     0.043     0.079      1269
         2.0      0.634     0.421     0.506      1269
         3.0      0.229     0.282     0.253      1269
         4.0      0.350     0.590     0.440      1269
         5.0      0.379     0.401     0.390      1269
         6.0      0.619     0.670     0.643      1269
         7.0      0.475     0.398     0.433      1269
         8.0      0.630     0.846     0.722      1269

    accuracy                          0.456     10152
   macro avg      0.469     0.456     0.433     10152
weighted avg      0.469     0.456     0.433     10152
 ada metrics
              precision    recall  f1-score   support

         1.0      0.708     0.719     0.714      1269
         2.0      0.941     0.924     0.932      1269
         3.0      0.921     0.942     0.932      1269
         4.0      0.789     0.835     0.811      1269
         5.0      0.824     0.853     0.838      1269
         6.0      0.916     0.778     0.841      1269
         7.0      0.853     0.867     0.860      1269
         8.0      0.930     0.946     0.938      1269

    accuracy                          0.858     10152
   macro avg      0.860     0.858     0.858     10152
weighted avg      0.860     0.858     0.858     10152
 rfc metrics
              precision    recall  f1-score   support

         1.0      0.629     0.087     0.152      1269
         2.0      0.750     0.005     0.009      1269
         3.0      0.665     0.281     0.395      1269
         4.0      0.500     0.002     0.005      1269
         5.0      0.234     0.989     0.379      1269
         6.0      1.000     0.001     0.002      1269
         7.0      0.304     0.968     0.463      1269
         8.0      1.000     0.024     0.046      1269

    accuracy                          0.294     10152
   macro avg      0.635     0.294     0.181     10152
weighted avg      0.635     0.294     0.181     10152
 NB metrics
              precision    recall  f1-score   support

         1.0      0.758     0.849     0.801      1269
         2.0      0.955     0.955     0.955      1269
         3.0      0.945     0.964     0.954      1269
         4.0      0.867     0.898     0.882      1269
         5.0      0.919     0.884     0.901      1269
         6.0      0.929     0.822     0.872      1269
         7.0      0.938     0.861     0.898      1269
         8.0      0.930     0.984     0.956      1269

    accuracy                          0.902     10152
   macro avg      0.905     0.902     0.903     10152
weighted avg      0.905     0.902     0.903     10152
 NNMLP metrics
              precision    recall  f1-score   support

         1.0      0.781     0.891     0.833      1269
         2.0      0.960     0.954     0.957      1269
         3.0      0.971     0.954     0.963      1269
         4.0      0.877     0.895     0.886      1269
         5.0      0.943     0.880     0.911      1269
         6.0      0.924     0.875     0.899      1269
         7.0      0.924     0.883     0.903      1269
         8.0      0.952     0.978     0.965      1269

    accuracy                          0.914     10152
   macro avg      0.917     0.914     0.914     10152
weighted avg      0.917     0.914     0.914     10152
 svc metrics
              precision    recall  f1-score   support

           1      0.910     0.887     0.898      1269
           2      0.986     0.994     0.990      1269
           3      0.981     0.997     0.989      1269
           4      0.917     0.924     0.920      1269
           5      0.930     0.945     0.937      1269
           6      0.940     0.908     0.923      1269
           7      0.967     0.928     0.947      1269
           8      0.940     0.991     0.965      1269

    accuracy                          0.946     10152
   macro avg      0.946     0.946     0.946     10152
weighted avg      0.946     0.946     0.946     10152
 CNN metrics